35201546659608842026088328007565866231962578784643756647773109869245232364730066609837018108561065242031153677
10513733234846849736873637829838635104309714688896631127438692162131857778044158273164093838937083421380041997
24684249032065892333066123534168930441269525239006410135714283699648991959894332868446109170827166448301044689
76921421106760125285550929240903354966370431827792714920086011488103952094969175731459908117375995349245839343
32998886283809577512914881459957314326750856532546837122557861905096711274255431870995137546575954361422085081
30925729459015376480470394633122420870296099995740154747268426836472045107181955644451858184784072167623952123
14083359469338511572632447718747493405040362318205860500297736061630222431052998057250747900577940212317413063
10422980533212493227764163121880874101060283221003967986026457372472702684601194916229693974417851408689550781
36261430139487433507414165833468680972181038593593271409697364115931523786727274410257181186996611100786935727
15579763548573297857414066649875054392128789371879472432457450095645164702139048181789700140949438093329334293
499490918065850301921197603564081112780623690273420984342968690594064612108591217229304461006005170865294466527166368851
527654088646108540362982390044019863852553381756839064739589507767331089783254199732302674718497125124586822562788766953
171989218832470870857923701742780850419373475175043795375607676047792517311566339217543754147263751973899368604441353849
566039327581077714561506815784669881914684785030580378761402844355426865405282719619236551816895924694614829004713040283
897503957504227472139484199430066010338139343163145419280183314291067450988520718807102741476596034735471026312154231263
745213698191737003631319694753125429293968166002970537936165661845575001172678049743806549549977234670072449443569701103
420145406901811857791227072284165226561693483222287527567496017033892563342686752247587935117119306171161848593337649107
371132472088173209741153184981742771278849120163424101995797949338636074962048027958518451774716413729510755717494155299
284563744015440547449076942566482643882733461003510727231069524112903402006758875891142531990667183056335233985448160393
506283312611011343355256478253272463245968105632679003983305635125224133331073348553775052064302641255435067238306718511
5452212151844264453115521770362712815300456788073870260637172006414987479914150831821202259862091373741738511579629040732909194883
6539010935836249262943170849578201335017375258186767902505297465587122376751466876714291620849745334794779375900778144335240097113
3983839527542885537740733863182378190963726188502990729675389352191015499474350038278492444248168771788283801258341599238380122941
1966605170351883122720890324745439659237468374231783680395362721624862483865065649496199746596592488851227128040234894355126333577
8396165654625010853235718432422971894820959019173552531407618141479187464219101476472619790871280738143334218241399043466521187861
8714772976381697859557965355791745997987728300226812732519702250463329265826033268926171610392211750044957719896320776794555146581
4578487274208482739785211870551459143579948064875277467213620367693698827278583879146069992097475604136147868628836746016239588907
4486847188052919998840445633197185837412694555920470505272960880292118699574860419602025075639197639973623241174554640239940468491
3007481519774841700447169103699480479257075158004429172505493169624211738165626204221653115518171895124254955050192476647393240549
1182911141497541140586615359230243592834259935951457923890100901143724702295750543180757886003762250822014770432406785975220712551